1
5
6
10
12
13
16
18
21
22
26
30
33
34
36
40
41
46
51
52
56
59
61
65
69
71
75
79
84
89
91
95
99
101
106
109
110
114
115
116
119
121
124
125
127
128
130
132
133
135
139
144
145
146
151
154
159
160
162
165
169
174
178
183
187
191
195
196
197
202
205
207
212
214
219
223
226
229
231
236
240
244
245
248
252
257
260
261
263
266
270
274
279
283
287
291
295
299
300
305
307
308
313
316
321
322
327
330
332
337
341
345
348
351
353
356
361
365
367
369
372
373
375
376
378
383
385
390
393
394
395
400
404
407
408
410
413
416
418
419
420
423
425
426
429
433
435
440
442
446
451
455
460
464
468
473
477
482
485
486
490
492
494
496
500
503
506
507
510
512
513
515
518
520
522
525
529
532
536
540
542
547
549
554
557
558
559
563
567
570
575
577
582
586
590
592
596
598
599
602
603
606
611
613
618
621
626
630
633
637
642
647
652
656
660
661
663
666
670
672
674
678
681
682
685
689
691
694
698
703
705
708
711
713
715
718
719
720
721
726
731
736
737
738
743
748
751
754
759
760
762
767
770
772
774
776
781
783
787
788
789
793
795
798
803
807
811
816
819
824
829
831
832
836
839
842
844
848
851
856
860
864
869
871
875
880
885
890
895
898
902
904
906
910
915
920
923
927
929
932
935
938
941
944
945
949
952
955
960
963
967
968
969
974
976
979
983
985
990
995
997
999
1001
1003
1006
1009
1012
1013
1015
1017
1020
1024
1027
1031
1032
1035
1037
1040
1041
1042
1043
1045
1046
1050
1054
1058
1060
1065
1066
1068
1069
1072
1076
1081
1083
1085
1087
1090
1094
1097
1102
1104
1106
1109
1112
1114
1117
1122
1126
1130
1133
1135
1136
1138
1139
1142
1146
1151
1153
1154
1157
1162
1166
1169
1172
1176
1180
1184
1185
1187
1188
1193
1198
1200
1205
1207
1208
1213
1215
1219
1221
1226
1231
1233
1237
1240
1243
1248
1252
1257
1261
1262
1266
1269
1271
1272
1277
1282
1283
1288
1292
1293
1297
1302
1303
1307
1312
1313
1318
1323
1325
1329
1334
1338
1339
1343
1345
1348
1350
1352
1357
1360
1361
1364
1367
1371
1374
1377
1378
1380
1385
1386
1389
1392
1394
1398
1403
1408
1411
1414
1418
1423
1425
1426
1431
1435
1437
1442
1446
1448
1449
1453
1458
1460
1463
1466
1467
1471
1476
1480
1482
1483
1485
1490
1492
1495
1499
1500
1503
1507
1510
1511
1513
1514
1515
1519
1523
1526
1530
1531
1536
1538
1542
1543
1544
1548
1550
1552
1555
1559
1564
1568
1571
1572
1575
1579
1584
1588
1590
1594
1595
1597
1601
1606
1611
1616
1618
1620
1623
1624
1625
1626
1629
1630
1634
1636
1641
1642
1644
1649
1653
1655
1657
1661
1666
1669
1673
1674
1675
1677
1680
1681
1685
1686
1691
1692
1697
1701
1704
1705
1706
1709
1713
1716
1721
1723
1725
1727
1731
1733
1734
1736
1737
1742
1743
1747
1748
1752
1757
1759
1764
1765
1768
1769
1773
1776
1777
1782
1787
1791
1792
1794
1797
1798
1799
1800
1804
1807
1810
1812
1814
1818
1822
1827
1832
1835
1840
1841
1843
1844
1847
1851
1855
1858
1861
1865
1870
1874
1875
1880
1884
1887
1888
1892
1896
1897
1899
1902
1907
1911
1913
1916
1920
1925
1929
1930
1934
1938
1939
1942
1947
1949
1954
1959
1960
1964
1965
1966
1971
1975
1978
1980
1982
1986
1987
1989
1992
1995
1996
1999
2001
2006
2009
2014
2019
2024
2026
2028
2029
2030
2035
2037
2041
2045
2049
2051
2056
2057
2062
2067
2069
2072
2074
2078
2080
2084
2089
2091
2096
2098
2099
2102
2103
2107
2108
2109
2110
2115
2119
2122
2124
2128
2132
2133
2136
2139
2141
2146
2150
2152
2153
2154
2159
2161
2162
2164
2165
2167
2172
2175
2176
2178
2182
2183
2188
2193
2197
2202
2207
2209
2213
2215
2217
2218
2220
2225
2226
2231
2235
2237
2238
2242
2245
2246
2247
2250
2252
2253
2256
2257
2259
2264
2269
2270
2272
2274
2277
2280
2284
2285
2290
2291
2295
2299
2301
2304
2307
2308
2309
2311
2314
2316
2317
2318
2320
2325
2329
2333
2337
2338
2339
2342
2345
2346
2350
2353
2358
2361
2364
2369
2374
2375
2379
2381
2385
2389
2394
2399
2401
2402
2404
2408
2411
2413
2414
2418
2422
2424
2428
2430
2435
2440
2444
2449
2454
2459
2464
2467
2470
2475
2478
2482
2485
2490
2491
2493
2498
2502
2504
2505
2508
2512
2517
2521
2526
2527
2529
2533
2534
2536
2538
2542
2544
2546
2550
2554
2555
2557
2560
2562
2563
2568
2569
2571
2575
2579
2584
2589
2591
2593
2595
2600
2605
2606
2610
2615
2619
2620
2625
2628
2630
2631
2632
2636
2637
2639
2644
2646
2650
2654
2659
2663
2668
2669
2673
2677
2678
2679
2681
2684
2688
2690
2692
2695
2697
2701
2702
2705
2706
2711
2714
2715
2718
2720
2725
2730
2731
2734
2737
2740
2744
2746
2751
2753
2755
2760
2764
2768
2773
2775
2778
2779
2784
2786
2789
2793
2795
2798
2802
2804
2805
2806
2811
2812
2813
2817
2821
2823
2825
2826
2828
2832
2833
2835
2839
2842
2844
2848
2852
2855
2859
2864
2865
2869
2874
2878
2883
2884
2886
2888
2893
2897
2898
2900
2902
2906
2909
2913
2917
2922
2927
2930
2933
2935
2936
2941
2944
2946
2947
2950
2952
2956
2960
2965
2970
2972
2973
2978
2979
2983
2986
2990
2991
2996
2999
3000
3004
3006
3011
3015
3017
3020
3023
3024
3027
3030
3031
3036
3039
3042
3047
3049
3051
3053
3056
3060
3063
3064
3066
3068
3072
3073
3075
3079
3080
3084
3086
3087
3091
3096
3097
3100
3105
3106
3110
3112
3115
3118
3120
3125
3130
3134
3138
3142
3143
3146
3151
3155
3159
3164
3167
3169
3170
3171
3173
3174
3175
3178
3181
3182
3187
3192
3194
3196
3197
3201
3205
3209
3211
3214
3218
3223
3225
3228
3229
3232
3236
3238
3239
3241
3244
3249
3250
3254
3259
3261
3265
3268
3271
3274
3279
3283
3284
3286
3287
3290
3294
3298
3301
3302
3307
3311
3314
3319
3320
3323
3328
3333
3338
3343
3348
3353
3356
3357
3361
3363
3367
3371
3374
3379
3384
3387
3392
3393
3397
3398
3399
3403
3407
3412
3415
3417
3421
3423
3426
3428
3429
3430
3432
3434
3438
3440
3442
3446
3448
3449
3454
3455
3460
3461
3465
3468
3471
3475
3478
3483
3487
3488
3489
3492
3495
3497
3499
3501
3502
3504
3505
3509
3512
3516
3517
3519
3523
3525
3530
3532
3534
3539
3543
3546
3549
3552
3555
3560
3564
3567
3572
3576
3578
3580
3585
3586
3591
3596
3599
3601
3603
3605
3609
3611
3615
3616
3621
3624
3629
3632
3636
3638
3640
3643
3648
3653
3655
3656
3660
3664
3667
3669
3674
3678
3681
3684
3688
3689
3693
3698
3703
3704
3707
3708
3709
3710
3712
3717
3719
3720
3725
3729
3732
3734
3735
3739
3742
3745
3748
3751
3755
3758
3760
3764
3765
3768
3770
3772
3776
3780
3785
3786
3791
3795
3799
3800
3805
3806
3809
3811
3813
3816
3818
3822
3826
3829
3832
3835
3840
3843
3847
3850
3855
3858
3860
3865
3867
3869
3872
3876
3878
3881
3884
3889
3892
3893
3896
3899
3902
3903
3905
3906
3907
3912
3916
3917
3920
3925
3929
3934
3936
3938
3942
3947
3952
3955
3956
3957
3961
3965
3967
3970
3972
3976
3979
3982
3986
3990
3993
3998
3999
4001
4005
4009
4013
4016
4017
4020
4023
4027
4030
4035
4037
4038
4039
4040
4041
4046
4051
4055
4058
4061
4063
4067
4068
4070
4071
4074
4077
4081
4084
4088
4091
4094
4097
4099
4101
4106
4109
4111
4116
4118
4123
4127
4131
4135
4140
4144
4145
4149
4151
4153
4154
4158
4162
4166
4167
4171
4173
4176
4179
4183
4186
4189
4193
4198
4199
4203
4207
4211
4215
4219
4224
4226
4231
4234
4236
4240
4245
4249
4251
4252
4256
4257
4260
4262
4263
4266
4267
4271
4275
4278
4280
4281
4284
4286
4289
4291
4295
4299
4303
4304
4306
4310
4311
4314
4318
4323
4327
4332
4334
4339
4344
4348
4352
4357
4360
4364
4366
4368
4372
4377
4382
4386
4390
4392
4395
4400
4404
4406
4409
4411
4415
4419
4424
4427
4429
4431
4436
4438
4441
4442
4444
4445
4449
4453
4454
4459
4462
4467
4468
4471
4474
4479
4484
4486
4489
4494
4497
4498
4503
4508
4513
4517
4521
4525
4530
4531
4532
4536
4538
4541
4544
4545
4546
4550
4552
4557
4558
4561
4565
4567
4571
4573
4576
4577
4581
4583
4586
4590
4595
4600
4604
4609
4610
4613
4618
4621
4623
4627
4632
4634
4636
4637
4638
4641
4646
4649
4651
4653
4654
4659
4662
4663
4666
4671
4674
4677
4680
4685
4686
4689
4693
4698
4700
4705
4707
4712
4715
4717
4718
4719
4722
4725
4730
4735
4737
4739
4740
4744
4749
4753
4758
4762
4767
4770
4774
4779
4783
4784
4787
4789
4792
4795
4797
4798
4800
4804
4807
4809
4814
4817
4818
4823
4825
4826
4830
4833
4837
4839
4840
4841
4845
4847
4851
4852
4857
4858
4862
4867
4868
4870
4874
4877
4878
4881
4886
4891
4894
4895
4898
4903
4907
4908
4911
4915
4917
4918
4923
4924
4928
4930
4933
4936
4941
4943
4944
4947
4952
4954
4955
4957
4960
4964
4966
4971
4975
4980
4982
4984
4988
4989
4993
4998
5001
5004
5007
5011
5013
5018
5019
5021
5024
5026
5028
5030
5031
5032
5037
5038
5039
5040
5041
5044
5049
5054
5059
5062
5064
5069
5073
5075
5077
5080
5084
5086
5089
5093
5096
5101
5103
5108
5109
5114
5116
5118
5119
5122
5124
5125
5127
5131
5136
5141
5142
5143
5145
5148
5151
5155
5157
5160
5165
5168
5173
5174
5178
5180
5183
5185
5190
5195
5196
5199
5201
5202
5203
5207
5209
5210
5215
5216
5221
5225
5226
5230
5232
5237
5242
5243
5246
5251
5255
5259
5260
5264
5269
5272
5274
5279
5281
5283
5284
5289
5291
5292
5293
5295
5300
5304
5307
5311
5313
5315
5320
5322
5325
5329
5334
5339
5341
5345
5349
5352
5355
5359
5362
5363
5364
5365
5370
5371
5372
5374
5376
5381
5382
5387
5388
5391
5394
5397
5402
5405
5408
5409
5412
5417
5419
5421
5423
5427
5429
5433
5437
5439
5443
5448
5452
5455
5459
5464
5469
5474
5477
5479
5480
5484
5487
5488
5492
5496
5501
5502
5506
5507
5509
5512
5513
5517
5522
5524
5526
5529
5530
5531
5532
5536
5537
5538
5539
5542
5546
5548
5549
5551
5554
5558
5561
5565
5569
5573
5578
5583
5586
5590
5594
5597
5602
5604
5607
5609
5612
5617
5619
5620
5622
5623
5628
5631
5633
5638
5641
5642
5644
5646
5647
5648
5651
5652
5655
5659
5662
5665
5666
5670
5673
5676
5678
5682
5684
5689
5691
5694
5699
5700
5702
5706
5709
5711
5714
5716
5719
5722
5727
5731
5735
5736
5738
5743
5746
5747
5752
5753
5756
5760
5765
5769
5770
5772
5773
5775
5780
5785
5789
5794
5797
5798
5803
5807
5809
5813
5816
5821
5824
5826
5831
5832
5834
5835
5839
5840
5842
5845
5849
5852
5854
5856
5861
5862
5865
5870
5873
5877
5878
5881
5883
5886
5887
5892
5897
5901
5904
5905
5909
5910
5914
5916
5917
5919
5921
5925
5930
5933
5934
5937
5939
5940
5942
5944
5946
5948
5949
5954
5958
5963
5968
5973
5977
5981
5986
5990
5993
5998
6002
6007
6008
6009
6010
6012
6015
6018
6020
6022
6026
6030
6033
6038
6039
6043
6048
6052
6057
6059
6061
6062
6063
6065
6068
6070
6074
6075
6080
6084
6088
6089
6094
6096
6099
6104
6109
6113
6115
6117
6122
6125
6127
6132
6137
6142
6145
6147
6149
6152
6153
6158
6162
6164
6166
6170
6171
6175
6176
6178
6181
6183
6187
6189
6190
6191
6194
6198
6203
6205
6208
6210
6211
6215
6216
6220
6224
6227
6232
6233
6238
6241
6244
6245
6246
6248
6250
6254
6257
6262
6266
6267
6272
6273
6277
6279
6284
6285
6286
6288
6290
6295
6296
6301
6305
6308
6311
6312
6313
6318
6320
6324
6325
6327
6329
6334
6335
6337
6341
6346
6347
6351
6354
6357
6359
6361
6365
6366
6371
6372
6376
6380
6385
6389
6391
6393
6398
6400
6405
6407
6412
6417
6418
6419
6423
6425
6428
6431
6434
6437
6438
6443
6448
6449
6451
6456
6457
6459
6464
6465
6467
6470
6472
6477
6479
6484
6485
6489
6494
6499
6500
6504
6508
6513
6516
6521
6526
6531
6532
6537
6538
6541
6545
6548
6550
6551
6552
6554
6557
6559
6562
6564
6565
6569
6571
6572
6574
6579
6582
6583
6585
6586
6588
6592
6596
6601
6605
6606
6609
6614
6617
6619
6621
6625
6626
6631
6636
6641
6643
6647
6652
6657
6660
6664
6667
6671
6673
6678
6683
6688
6693
6696
6698
6702
6706
6709
6714
6716
6721
6726
6731
6735
6736
6740
6741
6743
6745
6747
6748
6750
6753
6754
6759
6761
6765
6766
6769
6771
6776
6777
6782
6786
6790
6793
6796
6797
6800
6803
6806
6808
6810
6812
6815
6820
6822
6827
6828
6833
6836
6838
6839
6844
6845
6849
6851
6853
6857
6862
6867
6870
6872
6876
6877
6881
6886
6887
6888
6893
6898
6902
6904
6905
6908
6913
6914
6916
6920
6921
6922
6924
6929
6934
6936
6937
6940
6945
6947
6949
6950
6952
6957
6962
6967
6971
6976
6981
6983
6988
6991
6995
6996
6998
6999
7003
7008
7010
7014
7016
7021
7023
7026
7031
7035
7038
7040
7041
7043
7048
7051
7052
7055
7056
7059
7061
7064
7067
7072
7077
7081
7082
7086
7087
7090
7095
7098
7101
7106
7110
7115
7118
7123
7128
7133
7134
7139
7143
7146
7147
7149
7151
7152
7154
7156
7159
7162
7164
7168
7173
7176
7180
7182
7183
7185
7190
7195
7196
7200
7204
7207
7208
7213
7214
7216
7219
7221
7224
7228
7232
7237
7242
7245
7248
7252
7256
7257
7259
7261
7266
7270
7272
7275
7277
7282
7283
7286
7287
7292
7293
7296
7298
7302
7304
7307
7312
7314
7317
7322
7326
7327
7329
7334
7338
7342
7346
7348
7352
7354
7357
7362
7363
7365
7367
7368
7371
7374
7375
7378
7381
7383
7384
7387
7390
7394
7398
7402
7404
7409
7412
7416
7421
7424
7426
7429
7431
7432
7436
7438
7442
7447
7451
7454
7457
7462
7466
7471
7473
7478
7482
7485
7489
7494
7496
7497
7500
7502
7504
7508
7509
7510
7511
7516
7520
7523
7524
7525
7526
7531
7536
7539
7542
7546
7550
7555
7559
7561
7563
7566
7568
7573
7577
7579
7584
7585
7586
7590
7592
7596
7599
7604
7606
7607
7612
7615
7618
7620
7624
7627
7630
7632
7637
7640
7642
7645
7648
7650
7655
7656
7660
7662
7664
7668
7671
7672
7676
7678
7682
7687
7691
7694
7699
7704
7705
7707
7711
7716
7717
7718
7723
7726
7730
7731
7733
7738
7739
7742
7747
7752
7756
7761
7762
7767
7770
7774
7777
7781
7782
7783
7786
7790
7792
7795
7797
7801
7806
7808
7813
7818
7823
7826
7830
7835
7836
7841
7845
7847
7850
7851
7856
7861
7863
7866
7870
7872
7877
7882
7887
7888
7893
7897
7899
7902
7904
7906
7911
7914
7917
7918
7922
7927
7930
7931
7935
7937
7940
7941
7944
7945
7946
7950
7951
7956
7959
7964
7969
7972
7975
7978
7979
7982
7986
7987
7991
7996
7997
8000
8005
8010
8011
8016
8020
8023
8025
8030
8033
8036
8038
8040
8044
8047
8049
8053
8058
8062
8067
8072
8074
8079
8083
8087
8091
8095
8098
8103
8104
8107
8111
8116
8120
8123
8124
8127
8131
8132
8136
8140
8145
8148
8149
8152
8154
8158
8163
8167
8172
8173
8176
8180
8185
8189
8190
8195
8199
8202
8205
8209
8214
8216
8220
8222
8226
8227
8231
8232
8236
8239
8242
8247
8251
8255
8257
8258
8260
8262
8263
8266
8269
8273
8274
8278
8280
8284
8285
8289
8294
8299
8302
8303
8307
8311
8315
8319
8323
8327
8331
8333
8337
8341
8346
8351
8353
8355
8356
8357
8362
8364
8365
8368
8369
8373
8377
8382
8384
8388
8389
8390
8391
8392
8393
8396
8397
8400
8404
8405
8410
8411
8412
8416
8418
8423
8427
8430
8432
8437
8442
8445
8450
8454
8459
8463
8464
8466
8469
8472
8475
8478
8481
8484
8487
8491
8495
8500
8502
8504
8506
8511
8512
8515
8518
8519
8523
8526
8530
8532
8536
8541
8545
8550
8551
8555
8557
8558
8562
8567
8571
8573
8575
8577
8581
8584
8589
8590
8594
8598
8601
8602
8604
8608
8611
8614
8618
8620
8622
8624
8625
8629
8631
8634
8637
8638
8640
8644
8647
8651
8655
8658
8659
8664
8668
8669
8673
8674
8677
8681
8683
8687
8689
8693
8696
8701
8703
8707
8711
8712
8717
8722
8724
8729
8734
8735
8737
8739
8744
8749
8751
8755
8759
8762
8765
8766
8771
8774
8776
8780
8781
8786
8788
8789
8791
8794
8795
8797
8798
8801
8803
8804
8808
8813
8814
8819
8820
8824
8828
8832
8836
8838
8843
8847
8850
8855
8857
8860
8863
8865
8868
8869
8873
8875
8878
8881
8885
8889
8893
8895
8897
8900
8902
8905
8908
8910
8911
8915
8919
8924
8929
8932
8935
8937
8942
8946
8950
8954
8957
8960
8961
8964
8968
8971
8975
8978
8980
8981
8986
8989
8990
8993
8995
8997
9002
9005
9007
9008
9009
9013
9018
9019
9024
9025
9026
9030
9034
9038
9042
9045
9046
9048
9052
9055
9056
9060
9065
9069
9074
9076
9081
9084
9086
9088
9093
9097
9099
9104
9105
9107
9109
9112
9113
9115
9119
9123
9124
9127
9128
9133
9136
9138
9139
9143
9148
9149
9152
9156
9158
9160
9162
9167
9169
9174
9178
9183
9185
9187
9188
9192
9197
9198
9203
9206
9211
9214
9218
9223
9224
9225
9226
9228
9232
9233
9237
9239
9241
9245
9250
9251
9256
9260
9265
9269
9271
9272
9274
9275
9279
9281
9283
9285
9287
9290
9292
9293
9295
9298
9301
9305
9308
9309
9311
9316
9318
9321
9326
9329
9330
9333
9336
9341
9345
9349
9354
9358
9363
9366
9370
9375
9376
9378
9380
9384
9386
9390
9392
9393
9398
9402
9406
9407
9412
9413
9414
9416
9419
9424
9429
9434
9436
9438
9443
9447
9449
9453
9457
9462
9464
9465
9466
9471
9475
9480
9481
9484
9488
9490
9493
9496
9501
9505
9506
9509
9511
9512
9517
9522
9525
9530
9532
9537
9539
9542
9544
9546
9548
9551
9556
9558
9562
9565
9569
9571
9576
9581
9586
9590
9591
9592
9594
9595
9597
9602
9603
9605
9609
9611
9615
9616
9620
9624
9628
9632
9635
9639
9641
9645
9650
9654
9656
9661
9663
9665
9668
9671
9674
9678
9680
9682
9686
9690
9695
9697
9698
9703
9705
9707
9712
9716
9720
9721
9725
9728
9731
9735
9739
9741
9746
9748
9752
9755
9759
9764
9768
9770
9773
9775
9776
9780
9783
9787
9792
9793
9797
9799
9803
9808
9812
9813
9817
9820
9822
9827
9828
9831
9833
9836
9838
9842
9845
9847
9850
9853
9856
9859
9864
9867
9870
9874
9875
9880
9885
9889
9890
9895
9896
9897
9899
9900
9901
9905
9907
9911
9913
9914
9918
9922
9923
9927
9928
9933
9937
9941
9945
9948
9953
9957
9958
9959
9962
9963
9966
9968
9969
9971
9974
9975
9978
9983
9984
9988
9991
9995
9999
10001
10006
10011
10013
10014
10019
10021
10024
10026
10030
10031
10034
10037
10039
10040
10042
10047
10050
10052
10053
10055
10058
10060
10063
10068
10069
10070
10072
10077
10080
10082
10083
10086
10087
10088
10091
10093
10096
10100
10101
10103
10107
10108
10109
10110
10114
10116
10119
10123
10124
10126
10129
10133
10134
10135
10138
10141
10146
10151
10155
10159
10160
10165
10167
10170
10175
10178
10181
10184
10186
10189
10194
10199
10204
10207
10209
10210
10214
10215
10219
10224
10228
10231
10235
10238
10243
10244
10249
10254
10258
10260
10262
10267
10269
10273
10277
10281
10286
10287
10292
10293
10296
10301
10306
10307
10308
10309
10313
10317
10321
10325
10330
10331
10333
10335
10336
10338
10342
10343
10348
10352
10356
10357
10361
10363
10365
10367
10368
10373
10378
10381
10385
10389
10392
10397
10401
10406
10410
10412
10415
10418
10422
10427
10432
10437
10442
10446
10447
10448
10452
10453
10456
10459
10460
10462
10466
10471
10475
10479
10481
10483
10488
10489
10493
10495
10496
10499
10501
10502
10507
10512
10517
10520
10522
10527
10531
10532
10537
10538
10540
10542
10544
10548
10550
10554
10557
10562
10563
10566
10569
10573
10574
10579
10582
10583
10588
10593
10596
10597
10598
10603
10605
10606
10607
10608
10612
10617
10622
10627
10632
10636
10637
10641
10643
10646
10649
10653
10655
10656
10659
10661
10662
10667
10670
10673
10676
10679
10680
10681
10685
10686
10688
10692
10696
10698
10702
10703
10708
10712
10713
10715
10717
10721
10725
10729
10731
10734
10738
10741
10746
10751
10754
10759
10763
10768
10770
10773
10776
10777
10778
10779
10780
10781
10783
10788
10791
10793
10794
10797
10799
10800
10803
10804
10808
10812
10816
10819
10824
10827
10828
10832
10833
10836
10838
10840
10842
10843
10844
10847
10849
10854
10858
10860
10861
10862
10866
10867
10870
10873
10878
10879
10882
10884
10886
10887
10890
10895
10898
10903
10908
10913
10914
10917
10920
10921
10923
10927
10929
10932
10934
10937
10940
10943
10946
10950
10955
10956
10958
10959
10963
10967
10969
10974
10975
10980
10981
10984
10988
10993
10996
10997
11001
11004
11008
11010
11015
11017
11018
11023
11026
11031
11033
11036
11040
11043
11044
11045
11050
11054
11055
11058
11061
11066
11069
11070
11075
11078
11082
11083
11084
11089
11093
11094
11097
11099
11100
11103
11104
11109
11114
11118
11120
11122
11124
11125
11126
11130
11131
11133
11136
11140
11142
11147
11148
11150
11155
11160
11161
11165
11167
11169
11170
11171
11176
11180
11184
11187
11191
11192
11196
11198
11200
11203
11204
11205
11209
11212
11215
11220
11221
11222
11223
11224
11227
11230
11234
11239
11244
11248
11252
11253
11258
11261
11266
11269
11271
11272
11277
11280
11285
11289
11290
11294
11297
11299
11302
11306
11307
11310
11314
11318
11323
11326
11331
11334
11338
11342
11345
11350
11353
11356
11358
11360
11362
11364
11367
11371
11376
11379
11384
11387
11388
11390
11394
11399
11404
11407
11412
11414
11415
11418
11421
11426
11427
11429
11434
11437
11438
11439
11442
11446
11449
11452
11455
11459
11461
11465
11468
11471
11474
11476
11477
11481
11483
11488
11491
11492
11494
11497
11500
11502
11503
11506
11508
11510
11515
11517
11521
11526
11531
11534
11535
11537
11540
11542
11544
11548
11552
11557
11559
11560
11564
11569
11574
11578
11582
11585
11586
11588
11589
11590
11593
11598
11599
11600
11604
11609
11614
11619
11621
11624
11626
11629
11634
11639
11643
11645
11650
11655
11656
11659
11663
11664
11669
11674
11675
11677
11678
11682
11687
11691
11696
11701
11704
11708
11711
11716
11717
11721
11723
11728
11731
11732
11737
11740
11742
11747
11751
11752
11754
11759
11761
11764
11766
11770
11771
11773
11775
11778
11782
11786
11791
11793
11794
11797
11799
11800
11803
11808
11813
11815
11817
11820
11822
11825
11828
11833
11834
11838
11839
11841
11844
11845
11849
11853
11857
11861
11865
11870
11875
11876
11880
11885
11887
11891
11895
11898
11902
11905
11906
11909
11910
11913
11918
11923
11925
11930
11933
11935
11937
11941
11945
11948
11953
11958
11963
11968
11973
11974
11976
11979
11984
11989
11991
11994
11997
11998
12000
12004
12005
12008
12013
12018
12021
12023
12024
12029
12032
12033
12038
12041
12042
12045
12050
12051
12053
12056
12058
12060
12063
12066
12071
12072
12074
12077
12081
12084
12089
12094
12098
12101
12105
12106
12107
12108
12111
12115
12119
12124
12129
12130
12133
12138
12139
12140
12141
12144
12149
12151
12152
12156
12158
12159
12164
12167
12170
12175
12180
12181
12186
12190
12194
12197
12201
12204
12206
12210
12211
12212
12217
12219
12224
12226
12230
12235
12240
12245
12248
12249
12253
12258
12261
12264
12267
12268
12272
12277
12278
12280
12281
12283
12288
12290
12292
12293
12295
12299
12300
12303
12305
12310
12311
12312
12313
12318
12323
12328
12330
12334
12337
12340
12342
12344
12347
12352
12357
12360
12363
12366
12368
12370
12372
12373
12377
12379
12381
12385
12388
12392
12396
12400
12401
12405
12409
12413
12417
12420
12422
12424
12425
12427
12431
12433
12435
12439
12444
12448
12449
12452
12455
12456
12458
12459
12460
12462
12467
12468
12473
12478
12481
12485
12488
12490
12493
12497
12499
12503
12508
12510
12514
12518
12520
12524
12529
12533
12537
12540
12541
12546
12547
12549
12553
12557
12562
12566
12567
12568
12569
12570
12574
12577
12578
12582
12585
12590
12595
12599
12600
12604
12609
12613
12616
12621
12623
12624
12627
12628
12630
12633
12638
12643
12648
12650
12652
12656
12660
12662
12667
12669
12673
12674
12677
12682
12684
12685
12690
12694
12698
12700
12702
12707
12711
12716
12721
12723
12724
12725
12726
12729
12733
12735
12738
12743
12748
12753
12756
12760
12762
12765
12766
12768
12772
12777
12781
12784
12787
12790
12794
12796
12801
12804
12807
12808
12809
12810
12811
12812
12816
12819
12820
12822
12825
12829
12832
12834
12837
12839
12842
12843
12844
12847
12848
12853
12857
12861
12864
12865
12869
12871
12874
12878
12883
12887
12888
12892
12896
12899
12901
12903
12908
12911
12912
12914
12919
12922
12926
12927
12931
12934
12935
12938
12943
12948
12949
12953
12958
12959
12961
12963
12965
12966
12967
12968
12973
12974
12976
12977
12980
12983
12987
12991
12995
13000
13003
13008
13011
13015
13018
13023
13025
13030
13032
13033
13034
13038
13039
13043
13046
13050
13052
13053
13056
13059
13060
13065
13066
13068
13069
13074
13075
13076
13079
13084
13086
13091
13093
13094
13095
13097
13100
13101
13102
13107
13111
13116
13119
13123
13127
13129
13134
13138
13143
13148
13151
13152
13153
13157
13161
13164
13169
13173
13174
13179
13181
13183
13187
13191
13196
13197
13200
13201
13203
13206
13210
13211
13213
13217
13221
13223
13228
13230
13231
13235
13238
13242
13246
13247
13248
13252
13255
13258
13261
13263
13268
13269
13274
13275
13280
13282
13283
13287
13291
13292
13294
13298
13302
13303
13308
13309
13312
13315
13320
13325
13327
13329
13332
13333
13334
13339
13343
13346
13347
13348
13349
13354
13355
13359
13364
13368
13371
13372
13375
13377
13378
13381
13383
13386
13391
13396
13400
13404
13407
13409
13410
13411
13416
13417
13419
13420
13424
13428
13432
13435
13439
13442
13446
13447
13448
13452
13453
13458
13461
13466
13469
13473
13477
13480
13484
13488
13492
13493
13498
13502
13507
13509
13512
13513
13516
13518
13522
13527
13530
13533
13537
13539
13543
13544
13549
13550
13551
13553
13556
13558
13560
13562
13566
13571
13573
13577
13581
13582
13585
13588
13592
13596
13601
13603
13604
13609
13612
13616
13620
13624
13628
13631
13636
13640
13644
13648
13651
13652
13657
13660
13661
13663
13667
13671
13675
13677
13678
13681
13686
13687
13688
13691
13695
13699
13703
13707
13711
13715
13717
13722
13724
13729
13732
13734
13739
13741
13746
13750
13755
13758
13761
13762
13764
13769
13771
13773
13775
13778
13782
13783
13787
13788
13792
13793
13796
13800
13805
13810
13812
13817
13818
13820
13824
13825
13828
13830
13832
13834
13835
13837
13842
13843
13847
13848
13849
13853
13856
13859
13860
13864
13866
13867
13871
13875
13877
13878
13879
13883
13887
13892
13896
13900
13901
13905
13907
13912
13917
13921
13922
13925
13927
13931
13935
13938
13939
13942
13943
13945
13949
13953
13958
13959
13962
13964
13965
13970
13973
13976
13981
13985
13989
13992
13993
13994
13997
14002
14007
14012
14017
14019
14023
14027
14028
14029
14034
14036
14041
14042
14047
14050
14051
14056
14061
14063
14065
14066
14067
14070
14072
14074
14079
14084
14089
14091
14093
14096
14097
14098
14102
14104
14107
14109
14110
14114
14115
14119
14123
14128
14133
14135
14139
14144
14146
14151
14153
14156
14157
14160
14163
14167
14172
14177
14180
14182
14184
14186
14191
14196
14198
14203
14208
14210
14215
14219
14220
14224
14227
14231
14235
14237
14238
14239
14241
14242
14247
14251
14255
14256
14257
14261
14262
14266
14270
14272
14273
14276
14279
14280
14283
14286
14289
14290
14291
14294
14298
14300
14304
14307
14308
14311
14312
14316
14320
14325
14328
14329
14332
14335
14340
14344
14348
14353
14358
14359
14361
14363
14367
14372
14374
14377
14381
14383
14384
14385
14388
14390
14392
14394
14396
14397
14399
14400
14403
14408
14410
14415
14418
14422
14424
14429
14431
14433
14435
14439
14440
14443
14444
14445
14446
14449
14453
14456
14457
14459
14462
14463
14467
14469
14474
14475
14480
14484
14487
14492
14494
14498
14499
14502
14504
14505
14510
14513
14518
14519
14520
14525
14527
14530
14531
14533
14534
14539
14541
14543
14548
14552
14556
14559
14563
14566
14567
14569
14572
14576
14577
14582
14584
14585
14588
14589
14593
14595
14596
14597
14599
14604
14609
14613
14615
14620
14625
14627
14630
14634
14639
14642
14647
14648
14649
14650
14651
14653
14657
14658
14662
14665
14668
14672
14676
14680
14684
14688
14689
14694
14698
14699
14700
14703
14708
14713
14717
14722
14725
14728
14731
14733
14738
14740
14743
14747
14751
14753
14754
14756
14758
14762
14766
14770
14771
14772
14776
14781
14784
14788
14790
14791
14794
14798
14799
14801
14804
14806
14811
14816
14817
14822
14826
14827
14829
14831
14835
14840
14841
14843
14848
14851
14855
14857
14859
14860
14865
14866
14867
14868
14869
14870
14872
14874
14876
14880
14883
14884
14889
14890
14892
14895
14897
14898
14900
14903
14904
14905
14909
14912
14915
14917
14919
14924
14926
14930
14932
14933
14935
14939
14942
14946
14951
14954
14959
14963
14964
14967
14968
14971
14974
14978
14981
14984
14987
14991
14994
14996
15001
15004
15007
15012
15017
15022
15026
15029
15032
15033
15037
15038
15043
15047
15048
15052
15054
15057
15060
15062
15063
15066
15071
15072
15073
15077
15082
15083
15085
15088
15093
15095
15098
15099
15102
15103
15106
15109
15112
15115
15119
15123
15126
15128
15133
15136
15139
15143
15145
15148
15151
15153
15154
15159
15162
15163
15165
15170
15172
15173
15178
15180
15181
15183
15185
15187
15192
15197
15202
15206
15209
15211
15213
15214
15216
15219
15224
15226
15231
15234
15239
15244
15246
15251
15256
15259
15262
15264
15269
15270
15274
15275
15279
15284
15286
15288
15291
15292
15295
15300
15303
15306
15309
15310
15314
15317
15322
15327
15331
15333
15336
15341
15343
15344
15345
15346
15351
15356
15360
15365
15366
15370
15372
15376
15379
15383
15388
15389
15390
15395
15396
15399
15403
15408
15410
15414
15417
15422
15425
15429
15433
15438
15442
15447
15450
15454
15458
15461
15463
15465
15469
15470
15475
15478
15481
15485
15490
15495
15498
15502
15505
15508
15511
15513
15514
15515
15518
15522
15526
15527
15529
15532
15537
15538
15540
15541
15542
15547
15551
15555
15557
15558
15562
15563
15566
15570
15571
15575
15579
15580
15582
15585
15587
15589
15590
15593
15597
15600
15603
15605
15608
15613
15617
15619
15624
15625
15628
15629
15633
15636
15641
15646
15651
15656
15660
15665
15670
15672
15677
15678
15679
15681
15683
15688
15693
15695
15697
15702
15706
15710
15713
15716
15719
15722
15723
15724
15727
15728
15731
15734
15739
15743
15745
15749
15753
15757
15762
15766
15770
15775
15779
15784
15786
15789
15793
15794
15799
15803
15805
15810
15814
15819
15824
15825
15828
15831
15833
15837
15840
15845
15849
15853
15858
15860
15864
15869
15873
15878
15882
15887
15890
15895
15900
15905
15910
15911
15913
15917
15921
15926
15927
15928
15931
15934
15935
15938
15943
15947
15951
15954
15956
15958
15963
15967
15968
15973
15978
15981
15983
15986
15987
15989
15993
15998
16000
16004
16007
16010
16011
16015
16016
16019
16023
16028
16029
16030
16033
16034
16039
16043
16048
16050
16052
16056
16057
16060
16062
16066
16068
16070
16073
16078
16083
16087
16090
16095
16098
16102
16105
16110
16112
16117
16118
16119
16124
16125
16129
16131
16136
16138
16141
16142
16147
16149
16154
16158
16159
16161
16166
16167
16169
16174
16177
16178
16183
16184
16185
16189
16190
16193
16195
16196
16198
16201
16204
16206
16211
16212
16215
16220
16222
16225
16229
16234
16237
16239
16241
16242
16244
16246
16248
16249
16254
16259
16262
16267
16269
16271
16275
16277
16282
16286
16291
16293
16295
16300
16301
16306
16308
16310
16314
16317
16319
16323
16325
16330
16335
16338
16340
16341
16344
16345
16346
16347
16349
16350
16355
16356
16357
16358
16362
16364
16367
16370
16372
16373
16378
16379
16380
16384
16385
16387
16392
16393
16398
16402
16404
16409
16410
16414
16419
16423
16427
16429
16434
16436
16441
16442
16446
16448
16449
16452
16455
16460
16463
16464
16469
16474
16476
16481
16486
16489
16492
16497
16499
16504
16507
16511
16515
16519
16524
16525
16529
16532
16537
16541
16542
16547
16550
16552
16553
16556
16558
16563
16568
16571
16574
16576
16580
16582
16584
16589
16590
16594
16599
16603
16605
16610
16615
16617
16618
16619
16621
16623
16627
16630
16631
16636
16640
16644
16648
16652
16655
16656
16657
16659
16664
16668
16672
16674
16678
16681
16682
16685
16686
16688
16690
16692
16697
16702
16707
16710
16712
16713
16718
16720
16725
16726
16729
16733
16735
16739
16743
16744
16745
16750
16751
16755
16757
16761
16764
16766
16768
16770
16771
16772
16776
16781
16783
16785
16787
16791
16796
16799
16801
16802
16806
16808
16809
16811
16814
16817
16820
16825
16828
16829
16830
16832
16834
16836
16839
16843
16844
16845
16850
16855
16858
16863
16865
16867
16868
16871
16872
16874
16878
16879
16884
16888
16889
16892
16893
16894
16897
16901
16906
16911
16915
16920
16924
16925
16927
16929
16931
16936
16939
16943
16947
16949
16954
16959
16960
16962
16963
16967
16970
16971
16974
16977
16980
16985
16987
16989
16993
16998
17003
17006
17011
17016
17018
17022
17025
17027
17029
17033
17038
17039
17040
17043
17044
17049
17053
17056
17057
17061
17064
17069
17070
17072
17077
17082
17085
17089
17093
17098
17102
17107
17110
17112
17117
17122
17124
17129
17132
17137
17140
17141
17142
17143
17145
17146
17150
17151
17154
17155
17160
17164
17165
17170
17171
17174
17179
17184
17187
17188
17192
17194
17199
17200
17204
17205
17210
17211
17212
17217
17219
17221
17225
17228
17232
17236
17239
17243
17248
17253
17258
17261
17264
17267
17269
17273
17276
17280
17283
17284
17287
17292
17297
17302
17306
17311
17315
17317
17322
17325
17329
17333
17336
17338
17343
17347
17352
17356
17361
17365
17366
17367
17372
17373
17378
17383
17385
17387
17388
17390
17393
17394
17396
17401
17405
17407
17408
17411
17415
17416
17420
17421
17425
17428
17432
17437
17439
17443
17447
17449
17450
17454
17456
17461
17463
17465
17466
17469
17473
17477
17482
17486
17491
17494
17497
17498
17502
17503
17504
17506
17510
17511
17515
17519
17524
17526
17530
17534
17539
17542
17546
17549
17552
17556
17559
17564
17566
17567
17570
17572
17576
17581
17583
17588
17593
17597
17601
17605
17610
17611
17615
17618
17623
17627
17632
17634
17635
17636
17641
17644
17647
17650
17651
17654
17655
17660
17664
17666
17669
17672
17673
17677
17681
17686
17690
17694
17698
17702
17707
17709
17711
17716
17721
17722
17727
17731
17733
17738
17741
17745
17749
17753
17757
17759
17761
17764
17765
17769
17770
17774
17777
17782
17785
17790
17791
17796
17800
17805
17809
17810
17813
17814
17819
17823
17826
17828
17831
17836
17840
17845
17846
17849
17853
17854
17855
17860
17863
17868
17871
17872
17873
17874
17875
17879
17880
17882
17886
17887
17891
17894
17897
17900
17902
17906
17911
17914
17917
17920
17924
17929
17932
17936
17941
17945
17948
17949
17952
17953
17957
17962
17966
17968
17970
17971
17973
17978
17982
17987
17991
17995
18000
18001
18004
18006
18011
18014
18018
18023
18025
18026
18027
18028
18030
18033
18036
18040
18041
18042
18047
18051
18053
18058
18063
18067
18072
18075
18077
18081
18083
18084
18089
18091
18095
18098
18102
18106
18107
18109
18111
18116
18117
18118
18119
18124
18127
18128
18129
18133
18135
18139
18141
18142
18147
18152
18156
18159
18162
18165
18169
18172
18176
18180
18185
18189
18193
18198
18199
18200
18201
18206
18207
18209
18211
18213
18216
18218
18220
18224
18228
18231
18234
18239
18241
18246
18250
18253
18257
18262
18263
18264
18267
18271
18276
18279
18280
18284
18285
18288
18292
18295
18296
18297
18298
18302
18303
18304
18305
18307
18309
18310
18314
18317
18321
18325
18328
18332
18335
18338
18339
18340
18341
18346
18351
18355
18360
18362
18365
18368
18372
18374
18379
18380
18381
18385
18387
18392
18395
18399
18401
18402
18405
18408
18412
18415
18417
18422
18425
18428
18429
18431
18435
18438
18440
18445
18448
18451
18452
18454
18457
18459
18464
18467
18468
18471
18474
18477
18482
18486
18490
18492
18496
18499
18501
18506
18511
18514
18519
18520
18521
18525
18530
18535
18539
18542
18543
18548
18552
18555
18557
18559
18564
18565
18568
18571
18576
18580
18581
18585
18587
18589
18592
18593
18594
18598
18602
18607
18612
18615
18619
18623
18625
18629
18630
18634
18635
18636
18639
18640
18641
18643
18644
18645
18648
18653
18655
18660
18665
18670
18675
18678
18682
18687
18688
18693
18698
18702
18704
18709
18713
18715
18719
18722
18724
18728
18731
18736
18740
18745
18746
18751
18754
18758
18762
18764
18769
18773
18778
18781
18784
18786
18789
18794
18795
18800
18805
18807
18809
18814
18818
18823
18826
18828
18831
18834
18839
18843
18846
18847
18849
18850
18853
18858
18860
18864
18869
18870
18872
18874
18878
18881
18884
18885
18887
18891
18894
18898
18901
18903
18906
18909
18911
18913
18916
18921
18922
18925
18929
18930
18932
18936
18938
18943
18945
18946
18947
18950
18954
18958
18959
18960
18963
18968
18972
18973
18977
18981
18984
18986
18991
18996
18998
19003
19007
19008
19009
19012
19013
19016
19021
19022
19024
19027
19032
19036
19041
19046
19050
19055
19058
19061
19063
19067
19070
19072
19074
19078
19082
19085
19086
19088
19091
19096
19099
19104
19106
19107
19109
19113
19115
19118
19123
19128
19132
19137
19142
19146
19147
19152
19154
19157
19162
19164
19167
19170
19175
19179
19182
19187
19191
19194
19195
19198
19203
19206
19210
19212
19217
19221
19222
19227
19230
19235
19236
19240
19242
19243
19245
19250
19252
19257
19262
19264
19267
19269
19270
19271
19274
19277
19282
19284
19289
19294
19298
19301
19302
19304
19306
19311
19315
19316
19321
19325
19329
19331
19333
19334
19339
19341
19344
19345
19350
19352
19356
19361
19365
19369
19373
19376
19379
19384
19389
19391
19392
19395
19398
19402
19406
19408
19413
19414
19419
19424
19425
19426
19430
19432
19436
19440
19441
19446
19449
19452
19453
19454
19459
19462
19464
19467
19471
19475
19477
19479
19481
19483
19486
19488
19492
19497
19498
19502
19507
19511
19512
19513
19518
19522
19526
19529
19530
19532
19535
19536
19540
19544
19545
19548
19553
19558
19559
19560
19561
19565
19569
19570
19572
19574
19578
19581
19586
19589
19593
19598
19602
19606
19609
19614
19619
19622
19625
19628
19632
19633
19634
19636
19640
19644
19646
19647
19651
19653
19654
19658
19659
19664
19667
19668
19671
19676
19681
19684
19688
19691
19695
19700
19705
19706
19711
19716
19717
19719
19724
19729
19730
19732
19734
19735
19738
19739
19740
19745
19748
19750
19751
19755
19756
19758
19759
19762
19765
19770
19774
19776
19777
19780
19785
19787
19788
19789
19793
19798
19801
19804
19805
19806
19809
19812
19817
19818
19821
19825
19826
19830
19832
19835
19836
19838
19839
19842
19843
19848
19851
19853
19855
19856
19857
19862
19867
19870
19875
19880
19885
19887
19888
19891
19892
19896
19899
19902
19906
19908
19912
19917
19921
19924
19926
19929
19930
19933
19935
19937
19942
19946
19950
19952
19956
19957
19962
19966
19970
19974
19979
19982
19985
19987
19992
19997
20000
20002
20004
20005
20006
20007
20011
20012
20013
20018
20023
20024
20029
20031
20032
20034
20038
20043
20046
20048
20051
20053
20054
20057
20059
20061
20066
20068
20071
20072
20073
20074
20075
20077
20080
20083
20086
20089
20090
20091
20093
20098
20101
20104
20109
20111
20114
20118
20123
20126
20130
20135
20138
20142
20146
20151
20154
20159
20164
20166
20169
20172
20174
20179
20180
20183
20188
20190
20195
20200
20203
20205
20209
20212
20213
20218
20223
20224
20229
20231
20233
20235
20240
20243
20246
20249
20251
20252
20253
20254
20256
20260
20263
20266
20271
20273
20275
20279
20284
20289
20291
20295
20300
20304
20309
20311
20312
20317
20321
20324
20329
20331
20334
20338
20342
20346
20347
20351
20354
20357
20358
20363
20365
20368
20371
20374
20378
20382
20383
20386
20388
20390
20393
20394
20398
20399
20400
20403
20405
20410
20411
20414
20415
20416
20421
20423
20426
20430
20434
20436
20441
20442
20443
20446
20447
20450
20453
20454
20458
20462
20463
20468
20473
20475
20476
20477
20481
20483
20488
20492
20497
20499
20502
20506
20509
20513
20514
20519
20521
20525
20530
20535
20539
20540
20541
20545
20548
20549
20550
20554
20557
20559
20560
20565
20567
20571
20573
20577
20579
20581
20586
20587
20589
20591
20596
20598
20599
20603
20606
20607
20611
20613
20614
20617
20620
20623
20627
20631
20634
20638
20640
20645
20646
20648
20652
20655
20658
20661
20664
20668
20673
20678
20679
20684
20688
20689
20692
20696
20700
20702
20704
20706
20709
20711
20714
20719
20724
20726
20729
20731
20736
20740
20744
20746
20750
20751
20754
20758
20761
20766
20767
20770
20772
20776
20777
20781
20785
20787
20790
20793
20794
20797
20799
20803
20806
20807
20808
20811
20813
20818
20821
20823
20825
20829
20830
20833
20838
20840
20845
20848
20850
20855
20856
20858
20862
20866
20868
20872
20875
20877
20882
20886
20889
20892
20896
20898
20902
20903
20905
20908
20913
20914
20916
20919
20923
20926
20931
20932
20936
20939
20943
20946
20951
20953
20956
20957
20958
20962
20965
20968
20972
20975
20976
20980
20981
20984
20985
20987
20988
20989
20990
20992
20997
20998
21001
21002
21006
21010
21015
21017
21018
21021
21026
21027
21031
21032
21035
21036
21037
21038
21041
21046
21049
21050
21054
21055
21056
21061
21062
21064
21065
21066
21070
21073
21076
21081
21082
21087
21092
21093
21097
21100
21102
21104
21108
21109
21110
21115
21118
21121
21123
21125
21130
21131
21135
21138
21141
21146
21148
21152
21154
21156
21161
21166
21169
21174
21177
21179
21184
21186
21187
21190
21195
21199
21204
21206
21208
21211
21212
21213
21214
21215
21216
21221
21224
21229
21234
21239
21243
21244
21248
21251
21256
21261
21262
21267
21269
21272
21277
21278
21280
21283
21285
21287
21291
21296
21300
21302
21307
21309
21312
21314
21318
21319
21324
21327
21330
21331
21332
21336
21340
21345
21350
21355
21359
21364
21367
21369
21371
21373
21376
21378
21382
21383
21384
21385
21389
21393
21396
21400
21401
21406
21409
21411
21414
21418
21419
21420
21424
21425
21430
21432
21434
21437
21440
21444
21446
21447
21449
21454
21459
21460
21462
21463
21466
21468
21470
21472
21477
21481
21483
21484
21487
21492
21494
21497
21499
21502
21506
21511
21514
21517
21518
21523
21527
21532
21536
21540
21542
21543
21544
21547
21552
21554
21557
21559
21563
21567
21568
21570
21574
21575
21579
21582
21584
21585
21587
21590
21595
21600
21602
21607
21612
21615
21620
21621
21625
21628
21630
21634
21636
21641
21643
21645
21648
21650
21655
21658
21659
21664
21666
21670
21672
21675
21680
21683
21686
21690
21694
21695
21697
21698
21702
21707
21708
21709
21712
21713
21718
21719
21724
21725
21730
21733
21735
21740
21745
21749
21751
21756
21761
21762
21763
21765
21768
21769
21771
21775
21779
21783
21787
21792
21797
21798
21799
21804
21805
21809
21813
21815
21817
21822
21826
21831
21833
21836
21838
21839
21840
21842
21845
21850
21853
21857
21860
21863
21868
21873
21877
21879
21881
21882
21885
21887
21891
21892
21896
21899
21900
21903
21907
21908
21912
21916
21917
21922
21923
21927
21930
21934
21938
21939
21943
21948
21953
21957
21959
21961
21964
21967
21972
21974
21979
21983
21985
21986
21987
21988
21992
21993
21994
21997
21999
22000
22002
22006
22008
22013
22017
22018
22022
22026
22030
22033
22034
22035
22039
22041
22044
22049
22050
22052
22056
22059
22060
22064
22067
22069
22071
22072
22074
22078
22083
22084
22087
22088
22089
22092
22094
22096
22099
22104
22107
22109
22112
22117
22121
22122
22123
22124
22126
22127
22129
22133
22134
22135
22140
22145
22150
22155
22158
22163
22166
22169
22170
22171
22176
22177
22182
22185
22186
22187
22192
22195
22198
22202
22204
22207
22211
22212
22215
22220
22224
22228
22232
22236
22239
22242
22245
22250
22252
22253
22254
22255
22260
22265
22270
22275
22279
22280
22282
22286
22290
22292
22295
22296
22297
22299
22304
22306
22308
22310
22312
22316
22317
22322
22324
22327
22328
22333
22337
22341
22343
22345
22348
22349
22354
22355
22359
22360
22362
22366
22371
22373
22375
22379
22381
22385
22387
22391
22394
22399
22402
22407
22409
22410
22411
22415
22418
22423
22424
22427
22432
22436
22438
22441
22442
22446
22448
22449
22451
22456
22460
22461
22464
22465
22469
22471
22472
22477
22479
22481
22486
22487
22491
22496
22501
22505
22510
22512
22517
22521
22522
22525
22526
22529
22533
22534
22537
22538
22539
22543
22544
22546
22547
22549
22550
22551
22553
22558
22562
22565
22570
22572
22576
22577
22581
22584
22585
22588
22590
22595
22597
22602
22607
22611
22615
22618
22623
22625
22628
22630
22632
22636
22637
22640
22641
22644
22647
22650
22654
22659
22663
22664
22668
22670
22674
22676
22681
22685
22686
22691
22695
22699
22702
22705
22706
22708
22712
22717
22721
22725
22726
22730
22732
22734
22738
22740
22744
22745
22748
22752
22755
22760
22764
22768
22769
22770
22773
22776
22780
22781
22783
22784
22789
22794
22795
22798
22800
22801
22802
22806
22811
22815
22820
22825
22830
22835
22837
22842
22846
22848
22849
22854
22857
22860
22863
22864
22868
22872
22877
22879
22883
22885
22890
22894
22896
22898
22902
22905
22909
22910
22913
22917
22919
22920
22923
22928
22930
22931
22934
22936
22938
22939
22940
22945
22949
22951
22952
22953
22954
22956
22957
22961
22962
22964
22968
22973
22978
22982
22984
22986
22988
22989
22993
22995
22997
23001
23005
23009
23014
23019
23024
23026
23027
23032
23033
23034
23035
23039
23042
23047
23052
23057
23061
23065
23067
23072
23073
23076
23077
23080
23084
23089
23091
23095
23098
23103
23106
23110
23115
23118
23123
23124
23126
23130
23133
23134
23138
23142
23147
23149
23150
23153
23157
23161
23166
23170
23172
23176
23177
23179
23182
23186
23187
23192
23196
23198
23202
23206
23208
23210
23212
23216
23221
23222
23227
23229
23231
23234
23239
23244
23246
23248
23252
23253
23256
23259
23264
23269
23270
23273
23275
23277
23278
23280
23283
23288
23289
23294
23297
23300
23303
23304
23308
23310
23312
23317
23318
23319
23324
23326
23327
23331
23332
23337
23339
23340
23341
23343
23348
23351
23356
23358
23361
23362
23366
23369
23370
23372
23377
23378
23382
23383
23387
23388
23393
23394
23396
23399
23400
23401
23402
23403
23405
23409
23410
23412
23413
23414
23418
23423
23426
23429
23430
23434
23437
23439
23442
23447
23452
23455
23456
23459
23464
23466
23471
23472
23474
23476
23480
23485
23490
23492
23497
23498
23502
23504
23508
23509
23514
23518
23522
23523
23525
23529
23534
23537
23539
23544
23546
23547
23548
23551
23552
23556
23559
23560
23564
23567
23570
23571
23572
23574
23575
23580
23582
23585
23586
23590
23591
23593
23597
23600
23601
23606
23611
23613
23614
23615
23617
23618
23623
23628
23629
23634
23639
23642
23647
23648
23649
23654
23655
23658
23659
23661
23665
23669
23672
23673
23678
23679
23682
23684
23689
23692
23694
23699
23703
23705
23709
23711
23713
23716
23719
23720
23725
23728
23731
23734
23735
23740
23741
23744
23745
23746
23747
23750
23755
23758
23759
23760
23761
23763
23765
23768
23773
23778
23779
23783
23786
23789
23791
23795
23798
23799
23800
23801
23805
23806
23808
23812
23815
23820
23821
23823
23825
23828
23833
23837
23842
23844
23846
23850
23855
23860
23863
23865
23870
23875
23878
23881
23882
23884
23889
23890
23892
23895
23900
23903
23908
23910
23911
23916
23917
23918
23919
23923
23926
23931
23933
23934
23935
23936
23941
23946
23948
23953
23957
23960
23961
23963
23966
23971
23973
23978
23982
23983
23986
23989
23990
23993
23995
23997
23998
24001
24006
24011
24012
24013
24018
24020
24024
24025
24027
24029
24030
24034
24037
24042
24046
24047
24048
24051
24052
24054
24055
24056
24060
24063
24066
24070
24074
24077
24080
24082
24083
24085
24087
24090
24092
24097
24101
24104
24109
24114
24115
24119
24123
24127
24129
24133
24136
24139
24144
24147
24149
24150
24155
24160
24162
24163
24168
24171
24176
24179
24181
24183
24184
24189
24192
24194
24199
24200
24204
24206
24208
24213
24214
24219
24222
24227
24229
24230
24232
24235
24237
24242
24245
24247
24249
24254
24257
24259
24260
24263
24265
24270
24272
24277
24279
24280
24284
24287
24290
24294
24295
24296
24298
24303
24308
24313
24316
24319
24320
24325
24330
24331
24334
24339
24343
24344
24349
24350
24354
24356
24360
24364
24366
24370
24372
24376
24381
24382
24386
24387
24391
24392
24396
24401
24406
24410
24412
24413
24418
24422
24427
24431
24435
24438
24443
24448
24453
24458
24462
24465
24466
24467
24469
24474
24475
24478
24483
24487
24492
24494
24495
24499
24504
24506
24511
24514
24518
24520
24522
24527
24532
24537
24539
24544
24546
24550
24555
24557
24559
24561
24562
24566
24567
24572
24576
24577
24580
24581
24582
24583
24585
24590
24592
24597
24599
24603
24605
24609
24611
24614
24616
24618
24621
24625
24627
24628
24632
24636
24641
24642
24644
24647
24652
24656
24659
24660
24665
24669
24670
24671
24672
24674
24676
24681
24686
24690
24693
24694
24699
24701
24702
24707
24711
24715
24720
24721
24723
24726
24731
24732
24735
24737
24740
24741
24742
24747
24752
24756
24760
24761
24763
24766
24769
24771
24774
24775
24780
24785
24789
24791
24793
24796
24797
24802
24807
24808
24810
24814
24819
24824
24825
24826
24827
24830
24831
24836
24839
24844
24845
24849
24852
24857
24862
24867
24872
24875
24877
24881
24885
24888
24893
24897
24902
24906
24909
24912
24913
24918
24923
24926
24928
24932
24936
24940
24941
24945
24949
24953
24956
24959
24963
24965
24970
24972
24974
24977
24980
24981
24985
24988
24991
24992
24995
24999
25004
25007
25011
25012
25016
25019
25020
25025
25028
25031
25032
25034
25039
25044
25045
25050
25051
25054
25059
25062
25066
25070
25074
25077
25081
25085
25089
25093
25096
25100
25103
25108
25110
25115
25119
25122
25126
25131
25136
25139
25144
25147
25151
25155
25160
25162
25163
25167
25170
25175
25180
25183
25185
25186
25188
25191
25192
25193
25194
25197
25198
25201
25203
25206
25207
25212
25217
25221
25225
25227
25231
25235
25240
25244
25248
25249
25250
25253
25258
25260
25263
25267
25269
25273
25278
25282
25287
25290
25293
25296
25301
25302
25304
25307
25310
25311
25314
25319
25322
25327
25329
25331
25332
25336
25339
25341
25346
25348
25350
25352
25354
25358
25361
25364
25367
25372
25375
25380
25383
25386
25391
25396
25399
25404
25406
25411
25415
25420
25421
25423
25425
25430
25431
25432
25433
25437
25442
25446
25447
25449
25451
25452
25454
25457
25459
25464
25466
25469
25470
25475
25476
25480
25481
25483
25486
25490
25492
25495
25500
25504
25508
25511
25514
25515
25519
25520
25525
25530
25532
25533
25535
25540
25545
25546
25548
25551
25556
25557
25559
25563
25566
25569
25572
25573
25575
25576
25580
25583
25586
25591
25595
25596
25599
25601
25605
25608
25611
25614
25619
25621
25623
25628
25630
25632
25633
25635
25636
25637
25640
25641
25644
25645
25647
25650
25651
25655
25656
25661
25664
25668
25672
25675
25676
25678
25683
25685
25687
25688
25691
25694
25696
25697
25702
25704
25705
25710
25714
25719
25722
25726
25731
25735
25740
25744
25745
25747
25748
25749
25754
25756
25761
25762
25767
25771
25773
25778
25779
25782
25786
25790
25792
25796
25798
25803
25806
25810
25811
25814
25817
25820
25824
25826
25830
25835
25838
25843
25845
25848
25853
25858
25862
25863
25864
25865
25866
25871
25876
25877
25880
25884
25887
25889
25894
25896
25901
25904
25908
25909
25914
25918
25919
25920
25925
25926
25928
25929
25934
25939
25941
25946
25949
25951
25953
25955
25959
25961
25965
25970
25975
25979
25982
25985
25989
25990
25991
25994
25996
25998
26000
26004
26006
26008
26012
26016
26017
26019
26020
26022
26023
26027
26032
26036
26039
26043
26048
26050
26053
26057
26061
26064
26067
26072
26076
26079
26080
26082
26085
26089
26094
26099
26102
26105
26106
26109
26114
26118
26121
26123
26124
26127
26128
26131
26135
26139
26142
26144
26148
26150
26153
26154
26157
26160
26162
26164
26165
26169
26174
26175
26179
26183
26188
26191
26196
26200
26202
26207
26212
26217
26222
26223
26228
26230
26231
26234
26239
26244
26246
26250
26254
26259
26264
26266
26271
26273
26278
26279
26280
26282
26287
26289
26293
26297
26299
26304
26307
26310
26313
26316
26318
26319
26320
26324
26326
26330
26333
26338
26339
26343
26346
26347
26350
26352
26356
26358
26363
26364
26365
26367
26369
26374
26376
26381
26385
26387
26388
26393
26396
26399
26404
26406
26407
26412
26414
26416
26420
26422
26423
26428
26432
26435
26439
26444
26449
26453
26454
26457
26460
26464
26469
26470
26475
26476
26477
26479
26482
26487
26492
26494
26496
26499
26500
26505
26510
26513
26518
26519
26524
26526
26529
26532
26536
26540
26544
26545
26548
26553
26555
26557
26561
26566
26568
26572
26575
26580
26581
26582
26584
26586
26589
26593
26598
26600
26603
26605
26609
26611
26612
26617
26621
26626
26630
26633
26634
26638
26640
26642
26644
26649
26654
26659
26660
26661
26666
26670
26671
26672
26673
26676
26680
26685
26689
26693
26696
26699
26702
26703
26706
26710
26713
26715
26718
26721
26725
26727
26729
26730
26732
26735
26737
26738
26739
26742
26746
26748
26751
26756
26761
26762
26763
26768
26773
26776
26780
26782
26785
26787
26790
26793
26797
26799
26802
26807
26810
26811
26813
26818
26820
26822
26825
26829
26830
26831
26832
26836
26841
26845
26847
26850
26852
26853
26857
26858
26862
26867
26869
26874
26877
26882
26887
26888
26891
26892
26896
26900
26904
26906
26907
26911
26913
26918
26923
26925
26929
26934
26939
26941
26943
26946
26948
26950
26952
26954
26958
26960
26964
26966
26967
26968
26973
26974
26977
26980
26984
26985
26988
26993
26998
27001
27006
27010
27015
27020
27022
27026
27027
27029
27031
27036
27037
27040
27045
27049
27050
27055
27056
27057
27060
27064
27065
27068
27073
27074
27075
27080
27083
27086
27090
27091
27094
27097
27098
27101
27102
27106
27110
27112
27117
27119
27123
27127
27130
27132
27134
27139
27143
27148
27150
27152
27157
27160
27165
27169
27170
27171
27174
27175
27176
27177
27182
27183
27187
27188
27192
27195
27200
27205
27206
27211
27214
27215
27219
27220
27221
27223
27224
27229
27230
27233
27235
27238
27241
27242
27243
27244
27247
27248
27251
27253
27256
27258
27261
27263
27268
27271
27276
27278
27280
27281
27286
27288
27292
27294
27299
27302
27303
27305
27308
27310
27314
27318
27321
27325
27329
27333
27334
27339
27342
27343
27345
27350
27353
27357
27358
27360
27362
27363
27365
27369
27372
27376
27377
27381
27383
27384
27386
27389
27392
27393
27398
27402
27405
27409
27411
27415
27420
27423
27424
27425
27430
27434
27437
27438
27441
27442
27445
27449
27451
27452
27455
27457
27458
27460
27465
27466
27469
27473
27478
27481
27485
27487
27488
27489
27494
27498
27501
27505
27508
27509
27512
27514
27517
27521
27524
27526
27531
27532
27534
27538
27543
27544
27545
27549
27554
27559
27562
27567
27568
27572
27577
27579
27582
27585
27586
27587
27589
27592
27594
27599
27601
27604
27609
27610
27611
27615
27620
27623
27627
27632
27633
27636
27638
27640
27644
27645
27648
27653
27658
27662
27667
27670
27671
27676
27680
27681
27685
27689
27692
27694
27695
27696
27700
27704
27706
27709
27714
27715
27717
27718
27721
27725
27730
27734
27736
27737
27742
27746
27750
27752
27754
27759
27761
27766
27769
27773
27777
27779
27783
27788
27792
27793
27797
27802
27807
27809
27812
27814
27817
27822
27825
27830
27834
27838
27840
27845
27846
27850
27855
27856
27858
27860
27865
27867
27870
27871
27872
27873
27875
27880
27883
27886
27889
27891
27893
27895
27896
27898
27899
27900
27904
27908
27913
27916
27919
27922
27927
27931
27933
27938
27939
27942
27946
27947
27949
27954
27958
27962
27965
27966
27970
27973
27974
27975
27977
27982
27986
27987
27991
27995
28000
28001
28006
28009
28014
28019
28024
28028
28032
28036
28041
28044
28049
28054
28055
28058
28062
28067
28068
28071
28076
28080
28085
28087
28089
28092
28093
28097
28102
28107
28108
28109
28114
28118
28119
28121
28123
28126
28130
28133
28136
28138
28143
28144
28148
28151
28155
28159
28164
28165
28169
28174
28177
28178
28181
28186
28191
28196
28201
28205
28206
28209
28210
28212
28215
28220
28222
28225
28229
28234
28237
28241
28246
28247
28250
28252
28254
28258
28262
28265
28268
28271
28274
28278
28281
28285
28288
28290
28294
28298
28300
28303
28305
28307
28311
28313
28314
28318
28322
28325
28326
28328
28330
28333
28335
28338
28339
28340
28343
28348
28350
28351
28354
28357
28362
28367
28370
28372
28373
28374
28379
28381
28382
28385
28387
28392
28395
28397
28401
28403
28405
28408
28410
28412
28415
28417
28419
28422
28427
28430
28434
28439
28440
28442
28445
28446
28449
28454
28456
28461
28465
28466
28468
28471
28474
28479
28483
28484
28488
28489
28494
28496
28500
28501
28503
28508
28512
28515
28520
28524
28525
28526
28527
28530
28535
28538
28540
28544
28547
28551
28556
28560
28565
28568
28573
28578
28583
28587
28592
28596
28601
28606
28607
28608
28610
28615
28618
28622
28627
28629
28633
28636
28640
28643
28646
28650
28652
28656
28659
28664
28667
28671
28672
28675
28678
28683
28688
28692
28694
28697
28698
28703
28704
28706
28710
28715
28717
28722
28727
28728
28733
28735
28736
28740
28742
28747
28751
28755
28759
28762
28764
28766
28769
28772
28775
28778
28783
28788
28793
28798
28800
28802
28807
28810
28811
28815
28820
28821
28826
28829
28831
28834
28835
28838
28842
28843
28847
28850
28855
28858
28862
28865
28869
28871
28875
28879
28883
28887
28891
28892
28896
28899
28904
28908
28909
28912
28917
28922
28924
28926
28931
28934
28939
28944
28949
28951
28954
28956
28960
28965
28970
28975
28976
28979
28982
28986
28987
28990
28993
28996
28997
29002
29007
29009
29011
29013
29017
29022
29024
29028
29031
29032
29033
29038
29043
29046
29051
29052
29056
29059
29063
29068
29069
29071
29073
29074
29079
29080
29082
29084
29086
29091
29094
29097
29100
29101
29104
29105
29107
29112
29117
29118
29123
29128
29133
29137
29140
29143
29148
29152
29153
29154
29156
29160
29165
29170
29175
29177
29179
29181
29186
29189
29190
29193
29198
29200
29202
29203
29207
29208
29209
29211
29213
29215
29217
29222
29225
29226
29230
29233
29234
29236
29239
29243
29246
29251
29256
29261
29262
29264
29267
29271
29275
29280
29281
29283
29286
29290
29292
29295
29300
29305
29308
29313
29315
29317
29318
29319
29320
29321
29326
29331
29333
29335
29336
29340
29341
29343
29348
29351
29354
29358
29359
29363
29367
29368
29372
29376
29379
29381
29386
29390
29392
29396
29397
29400
29401
29406
29408
29410
29411
29415
29417
29419
29420
29425
29428
29429
29434
29436
29438
29442
29445
29450
29453
29457
29458
29461
29463
29466
29471
29472
29473
29477
29480
29483
29488
29490
29494
29498
29500
29503
29507
29510
29511
29516
29519
29520
29524
29529
29533
29536
29540
29545
29549
29552
29555
29558
29560
29564
29569
29574
29577
29580
29582
29587
29591
29596
29599
29604
29605
29609
29614
29617
29619
29623
29627
29632
29634
29637
29638
29641
29643
29645
29648
29650
29654
29659
29663
29665
29668
29671
29675
29676
29679
29683
29686
29687
29691
29693
29694
29697
29699
29700
29704
29709
29712
29716
29720
29723
29728
29729
29730
29734
29738
29741
29744
29749
29753
29758
29761
29764
29765
29767
29769
29770
29773
29778
29782
29787
29790
29791
29793
29794
29796
29801
29804
29806
29811
29816
29821
29822
29824
29826
29830
29833
29836
29838
29841
29845
29850
29851
29855
29858
29863
29868
29869
29874
29875
29876
29881
29885
29887
29888
29891
29893
29897
29899
29902
29906
29908
29911
29913
29916
29918
29921
29926
29927
29932
29935
29939
29942
29945
29950
29955
29957
29959
29963
29968
29972
29975
29977
29980
29985
29987
29988
29990
29991
29992
29995
29997
29998
29999
30000
30004
30008
30010
30012
30016
30018
30022
30024
30029
30030
30035
30040
30042
30044
30046
30050
30054
30057
30059
30060
30064
30069
30074
30079
30083
30087
30089
30094
30097
30101
30103
30108
30112
30116
30118
30120
30121
30124
30127
30131
30134
30135
30137
30141
30146
30149
30150
30151
30154
30158
30160
30162
30165
30166
30169